TPAR
20110827.080000 1.7 5.3 93.4 25.2
20110827.090000 1.8 5.3 93.9 25.3
20110827.100000 1.8 5.3 94.4 25.4
20110827.110000 1.8 5.3 94.8 25.5
20110827.120000 1.8 5.3 95.1 25.5
20110827.130000 1.9 5.3 95.3 25.6
20110827.140000 2.0 6.0 95.0 25.6
20110827.150000 2.1 6.0 94.6 25.8
20110827.160000 2.2 6.0 94.2 26.1
20110827.170000 2.2 6.0 93.6 26.3
20110827.180000 2.3 6.0 93.0 26.5
20110827.190000 2.4 6.0 92.2 26.7
20110827.200000 2.5 6.0 90.8 27.0
20110827.210000 2.6 6.8 88.7 27.3
20110827.220000 2.6 6.8 85.7 27.7
20110827.230000 2.6 6.8 79.9 28.6
20110828.000000 2.4 6.0 69.2 30.9
20110828.010000 2.2 6.0 55.2 34.6
20110828.020000 2.0 6.0 30.9 39.0
20110828.030000 1.8 6.0 8.6 43.2
20110828.040000 1.7 6.0 354.5 45.2
20110828.050000 1.6 4.1 340.3 46.9
20110828.060000 1.6 4.1 318.0 47.8
20110828.070000 1.6 4.6 301.4 44.7
20110828.080000 1.5 4.6 291.0 41.2
20110828.090000 1.5 4.6 284.8 38.6
