TPAR
20110827.080000 2.0 6.0 96.2 26.8
20110827.090000 2.0 6.0 96.4 26.9
20110827.100000 2.0 6.0 96.4 27.0
20110827.110000 2.0 6.0 96.3 27.0
20110827.120000 2.0 6.0 96.2 27.1
20110827.130000 2.1 6.0 96.0 27.1
20110827.140000 2.1 6.0 95.8 27.2
20110827.150000 2.2 6.0 95.2 27.3
20110827.160000 2.2 6.0 94.8 27.3
20110827.170000 2.3 6.0 94.4 27.4
20110827.180000 2.3 6.0 93.8 27.5
20110827.190000 2.4 6.8 93.0 27.6
20110827.200000 2.4 6.8 91.2 27.7
20110827.210000 2.5 6.8 88.4 27.9
20110827.220000 2.5 6.8 85.5 27.9
20110827.230000 2.5 6.8 80.0 28.2
20110828.000000 2.4 6.8 69.6 29.4
20110828.010000 2.2 6.8 56.3 32.5
20110828.020000 2.1 6.0 20.9 39.3
20110828.030000 1.9 6.0 356.5 40.8
20110828.040000 1.9 4.6 341.3 41.4
20110828.050000 1.8 4.6 326.8 41.4
20110828.060000 1.9 4.6 305.4 39.2
20110828.070000 2.0 5.3 290.6 33.8
20110828.080000 2.0 5.3 283.9 30.9
20110828.090000 2.0 5.3 281.4 29.7
