TPAR
20110827.080000 1.6 5.3 95.9 26.1
20110827.090000 1.6 5.3 96.5 26.2
20110827.100000 1.7 5.3 96.9 26.2
20110827.110000 1.7 5.3 97.3 26.3
20110827.120000 1.7 5.3 97.6 26.3
20110827.130000 1.8 5.3 97.8 26.3
20110827.140000 1.8 5.3 97.3 26.5
20110827.150000 1.9 5.3 96.7 26.6
20110827.160000 2.0 6.0 96.2 26.8
20110827.170000 2.1 6.0 95.6 27.0
20110827.180000 2.1 6.0 94.9 27.2
20110827.190000 2.2 6.0 93.7 27.4
20110827.200000 2.2 6.0 92.1 27.6
20110827.210000 2.3 6.0 89.8 27.8
20110827.220000 2.3 6.0 86.5 28.0
20110827.230000 2.3 6.0 80.6 28.6
20110828.000000 2.2 6.0 70.5 30.5
20110828.010000 2.0 6.0 57.6 33.9
20110828.020000 1.8 6.0 28.7 39.7
20110828.030000 1.6 6.0 5.0 42.7
20110828.040000 1.5 4.6 348.3 44.2
20110828.050000 1.4 4.1 332.0 44.9
20110828.060000 1.4 4.1 314.1 44.1
20110828.070000 1.4 4.1 297.5 40.3
20110828.080000 1.4 4.1 288.6 36.9
20110828.090000 1.3 4.1 283.5 35.0
