TPAR
20110827.080000 1.9 6.0 97.6 26.6
20110827.090000 2.0 6.0 97.7 26.7
20110827.100000 2.0 6.0 97.6 26.8
20110827.110000 2.0 6.0 97.5 26.8
20110827.120000 2.0 6.0 97.2 26.9
20110827.130000 2.0 6.0 97.1 26.8
20110827.140000 2.1 6.0 96.7 27.0
20110827.150000 2.1 6.0 96.0 27.1
20110827.160000 2.2 6.0 95.8 27.1
20110827.170000 2.2 6.0 95.4 27.2
20110827.180000 2.2 6.0 95.0 27.3
20110827.190000 2.3 6.0 94.4 27.3
20110827.200000 2.3 6.0 92.8 27.5
20110827.210000 2.4 6.8 90.5 27.6
20110827.220000 2.3 6.8 87.4 27.9
20110827.230000 2.2 6.0 80.0 29.1
20110828.000000 2.0 6.0 69.9 31.5
20110828.010000 1.8 6.0 52.0 36.1
20110828.020000 1.5 6.0 30.4 40.7
20110828.030000 1.4 5.3 10.5 45.9
20110828.040000 1.2 3.6 348.8 50.5
20110828.050000 1.2 3.6 326.4 52.0
20110828.060000 1.1 3.6 309.4 50.2
20110828.070000 1.1 3.6 296.2 46.9
20110828.080000 1.1 4.1 285.9 42.8
20110828.090000 1.1 4.1 280.5 40.0
