TPAR
20110827.080000 1.6 5.3 96.5 27.0
20110827.090000 1.6 5.3 97.1 27.1
20110827.100000 1.7 5.3 97.6 27.2
20110827.110000 1.7 5.3 97.9 27.2
20110827.120000 1.7 5.3 98.2 27.2
20110827.130000 1.8 5.3 98.3 27.3
20110827.140000 1.8 5.3 97.9 27.4
20110827.150000 1.9 5.3 97.3 27.6
20110827.160000 2.0 6.0 96.7 27.9
20110827.170000 2.0 6.0 96.1 28.1
20110827.180000 2.1 6.0 95.2 28.3
20110827.190000 2.1 6.0 94.2 28.6
20110827.200000 2.2 6.0 92.5 28.8
20110827.210000 2.3 6.0 89.9 29.0
20110827.220000 2.3 6.0 86.4 29.2
20110827.230000 2.3 6.0 80.1 29.9
20110828.000000 2.1 6.0 69.7 31.6
20110828.010000 2.0 6.0 56.6 34.7
20110828.020000 1.8 6.0 28.0 40.4
20110828.030000 1.6 6.0 3.8 42.8
20110828.040000 1.5 4.6 347.8 44.0
20110828.050000 1.4 4.1 332.0 44.7
20110828.060000 1.4 4.1 314.3 44.0
20110828.070000 1.4 4.1 299.6 40.9
20110828.080000 1.4 4.1 290.1 37.8
20110828.090000 1.3 4.1 284.4 36.1
