   3.6973921e+01  -7.6338202e+01
   3.6977478e+01  -7.6333175e+01
   3.6979647e+01  -7.6330292e+01
   3.6981831e+01  -7.6327743e+01
   3.6983655e+01  -7.6325546e+01
   3.6985115e+01  -7.6323647e+01
   3.6986576e+01  -7.6321749e+01
   3.6988035e+01  -7.6319851e+01
   3.6989496e+01  -7.6317953e+01
   3.6990956e+01  -7.6316055e+01
   3.6992416e+01  -7.6314156e+01
   3.6993876e+01  -7.6312257e+01
   3.6995337e+01  -7.6310359e+01
   3.6996821e+01  -7.6308515e+01
   3.6998402e+01  -7.6306887e+01
   3.6999983e+01  -7.6305261e+01
   3.7001662e+01  -7.6303850e+01
   3.7003426e+01  -7.6302692e+01
   3.7005188e+01  -7.6301607e+01
   3.7007232e+01  -7.6300422e+01
   3.7009834e+01  -7.6299035e+01
   3.7013008e+01  -7.6297504e+01
   3.7016391e+01  -7.6295918e+01
   3.7019773e+01  -7.6294333e+01
   3.7023493e+01  -7.6292604e+01
   3.7031250e+01  -7.6289325e+01
   3.7075656e+01  -7.6272944e+01
