   3.6933015e+01  -7.6336177e+01
   3.6933081e+01  -7.6329558e+01
   3.6933109e+01  -7.6326063e+01
   3.6933015e+01  -7.6323114e+01
   3.6933015e+01  -7.6320809e+01
   3.6933015e+01  -7.6318505e+01
   3.6933030e+01  -7.6316163e+01
   3.6933140e+01  -7.6313586e+01
   3.6933250e+01  -7.6311010e+01
   3.6933361e+01  -7.6308433e+01
   3.6933470e+01  -7.6305857e+01
   3.6933581e+01  -7.6303280e+01
   3.6933690e+01  -7.6300704e+01
   3.6933801e+01  -7.6298128e+01
   3.6933912e+01  -7.6295552e+01
   3.6934071e+01  -7.6293117e+01
   3.6934264e+01  -7.6290778e+01
   3.6934457e+01  -7.6288439e+01
   3.6934649e+01  -7.6286100e+01
   3.6934903e+01  -7.6283485e+01
   3.6935278e+01  -7.6280320e+01
   3.6935635e+01  -7.6277058e+01
   3.6935909e+01  -7.6273671e+01
   3.6936179e+01  -7.6270416e+01
   3.6936469e+01  -7.6266941e+01
   3.6937217e+01  -7.6259089e+01
   3.6940613e+01  -7.6230371e+01
