TPAR
20110824.010000 0.1 1.5 109.7 26.2
20110824.020000 0.1 1.7 109.6 26.8
20110824.030000 0.1 1.7 111.8 29.2
20110824.040000 0.1 1.7 111.4 30.3
20110824.050000 0.1 1.9 109.1 30.7
20110824.060000 0.1 1.9 107.4 30.5
20110824.070000 0.1 2.4 105.0 29.7
20110824.080000 0.1 2.4 101.6 27.9
20110824.090000 0.1 2.8 96.6 23.7
20110824.100000 0.1 2.8 93.5 19.9
20110824.110000 0.1 2.8 92.1 17.5
20110824.120000 0.1 2.8 90.1 15.3
20110824.130000 0.1 3.2 89.3 14.1
20110824.140000 0.1 3.2 88.9 14.0
20110824.150000 0.1 3.2 88.5 14.2
20110824.160000 0.1 3.2 88.1 14.6
20110824.170000 0.1 3.2 88.2 15.4
20110824.180000 0.1 3.2 89.9 18.3
20110824.190000 0.2 3.2 94.4 23.9
20110824.200000 0.2 3.2 99.3 28.3
20110824.210000 0.2 3.2 105.3 31.3
20110824.220000 0.3 3.2 108.5 32.7
20110824.230000 0.3 3.2 110.5 35.0
20110825.000000 0.3 3.2 110.0 34.7
20110825.010000 0.3 3.2 109.7 34.4
20110825.020000 0.3 3.2 110.1 34.6
20110825.030000 0.3 10.0 111.5 35.5
20110825.040000 0.3 10.0 112.5 36.6
20110825.050000 0.3 10.0 114.5 38.0
20110825.060000 0.3 10.0 114.5 39.7
20110825.070000 0.3 10.0 111.8 41.0
20110825.080000 0.3 10.0 110.7 42.8
20110825.090000 0.3 10.0 111.0 45.0
20110825.100000 0.3 10.0 113.1 47.8
20110825.110000 0.2 10.0 105.6 49.6
20110825.120000 0.2 10.0 103.3 46.8
20110825.130000 0.2 10.0 110.4 48.8
20110825.140000 0.2 10.0 124.6 55.7
20110825.150000 0.2 10.0 127.7 57.2
20110825.160000 0.2 10.0 132.9 57.7
20110825.170000 0.3 10.0 146.5 59.6
20110825.180000 0.3 10.0 150.7 61.4
20110825.190000 0.3 10.0 150.1 59.7
20110825.200000 0.3 10.0 147.0 54.2
20110825.210000 0.3 10.0 145.9 48.8
20110825.220000 0.3 10.0 143.3 46.3
20110825.230000 0.3 10.0 140.3 49.8
20110826.000000 0.3 10.0 139.0 52.9
20110826.010000 0.2 10.0 130.7 53.6
20110826.020000 0.2 8.8 123.5 51.5
20110826.030000 0.2 8.8 125.2 50.0
20110826.040000 0.2 8.8 127.1 49.1
20110826.050000 0.2 8.8 124.0 49.3
20110826.060000 0.2 8.8 113.5 47.2
20110826.070000 0.2 8.8 100.5 40.5
20110826.080000 0.2 8.8 93.6 33.7
20110826.090000 0.2 8.8 89.2 27.4
20110826.100000 0.2 8.8 87.1 24.2
20110826.110000 0.2 12.9 86.2 22.9
20110826.120000 0.2 12.9 85.9 22.2
20110826.130000 0.2 12.9 85.9 22.0
20110826.140000 0.2 12.9 86.8 22.3
20110826.150000 0.2 12.9 86.6 22.1
20110826.160000 0.2 12.9 87.3 22.5
20110826.170000 0.2 12.9 89.4 23.8
20110826.180000 0.3 12.9 89.8 24.3
20110826.190000 0.3 12.9 90.7 25.3
20110826.200000 0.4 12.9 91.8 25.7
20110826.210000 0.4 2.8 91.3 25.4
20110826.220000 0.4 2.8 91.6 25.4
20110826.230000 0.4 12.9 89.6 25.3
20110827.000000 0.4 12.9 87.5 24.7
20110827.010000 0.4 12.9 86.3 24.4
20110827.020000 0.4 14.7 84.3 24.4
20110827.030000 0.5 14.7 82.4 24.7
20110827.040000 0.5 3.2 80.0 25.0
20110827.050000 0.6 3.6 78.9 25.7
20110827.060000 0.7 3.6 78.2 26.2
20110827.070000 0.8 4.1 77.9 26.6
20110827.080000 0.9 4.1 78.3 26.9
20110827.090000 1.0 4.1 78.5 27.3
20110827.100000 1.1 4.1 77.4 28.0
20110827.110000 1.3 4.6 78.2 28.0
20110827.120000 1.3 4.6 78.5 28.9
20110827.130000 1.4 4.6 77.2 29.4
20110827.140000 1.4 4.6 74.6 30.3
20110827.150000 1.5 4.6 73.8 30.6
20110827.160000 1.5 5.3 72.4 31.2
20110827.170000 1.7 5.3 67.9 31.9
20110827.180000 1.8 5.3 62.6 32.6
20110827.190000 1.9 6.0 60.2 32.8
20110827.200000 2.0 6.0 59.6 32.9
20110827.210000 1.9 6.0 57.3 33.3
20110827.220000 1.7 6.0 53.7 33.7
20110827.230000 1.8 6.0 44.4 32.7
20110828.000000 1.6 6.0 37.6 33.2
20110828.010000 1.5 6.0 27.5 33.9
20110828.020000 1.5 6.0 16.1 35.6
20110828.030000 1.5 6.0 6.0 38.6
20110828.040000 1.4 6.0 357.0 41.9
20110828.050000 1.2 6.0 347.8 46.1
20110828.060000 1.1 6.0 336.9 50.3
20110828.070000 1.0 3.6 322.3 52.9
20110828.080000 0.9 3.6 308.3 53.4
20110828.090000 0.8 3.2 298.4 52.6
20110828.100000 0.7 3.2 292.3 51.4
20110828.110000 0.7 3.2 289.3 50.1
20110828.120000 0.6 3.2 286.0 49.6
20110828.130000 0.5 3.2 282.1 48.8
20110828.140000 0.4 2.8 277.2 50.4
20110828.150000 0.4 2.4 272.5 49.5
20110828.160000 0.3 2.4 271.5 47.4
20110828.170000 0.3 2.4 271.5 47.1
20110828.180000 0.3 2.2 271.9 47.7
20110828.190000 0.2 10.0 272.8 48.9
20110828.200000 0.2 10.0 274.7 51.5
20110828.210000 0.1 10.0 278.7 57.2
20110828.220000 0.1 8.8 290.8 66.2
20110828.230000 0.1 8.8 324.2 73.6
20110829.000000 0.1 8.8 37.8 72.6
20110829.010000 0.1 8.8 63.6 64.7
20110829.020000 0.1 8.8 71.4 56.2
20110829.030000 0.1 8.8 74.7 48.9
20110829.040000 0.1 7.7 76.1 42.5
20110829.050000 0.1 7.7 80.0 33.6
20110829.060000 0.1 7.7 81.2 29.9
20110829.070000 0.1 7.7 81.5 27.9
20110829.080000 0.1 7.7 80.2 26.6
20110829.090000 0.1 7.7 80.3 25.5
20110829.100000 0.1 7.7 80.8 24.4
20110829.110000 0.1 7.7 80.7 23.6
20110829.120000 0.1 7.7 80.4 23.0
20110829.130000 0.1 1.7 76.7 25.0
20110829.140000 0.2 2.2 73.4 27.6
20110829.150000 0.3 2.4 74.0 28.7
20110829.160000 0.3 2.8 73.2 28.7
20110829.170000 0.3 2.8 71.9 29.0
20110829.180000 0.4 3.2 69.5 29.2
20110829.190000 0.4 3.2 67.6 29.1
20110829.200000 0.4 3.2 67.0 29.1
20110829.210000 0.5 3.2 66.7 29.2
20110829.220000 0.5 3.6 66.6 29.2
20110829.230000 0.5 3.6 66.1 29.7
20110830.000000 0.5 3.6 65.9 30.0
20110830.010000 0.5 3.6 66.1 30.2
20110830.020000 0.4 3.6 66.3 30.2
20110830.030000 0.4 3.6 66.2 30.1
20110830.040000 0.4 3.6 66.3 30.1
20110830.050000 0.4 3.6 66.5 30.2
20110830.060000 0.4 4.1 66.8 30.5
20110830.070000 0.4 4.1 66.4 30.6
20110830.080000 0.4 4.6 65.9 31.1
20110830.090000 0.4 4.6 65.3 31.7
20110830.100000 0.4 4.6 64.1 32.4
20110830.110000 0.4 4.6 63.8 32.8
20110830.120000 0.4 4.6 63.2 33.2
20110830.130000 0.4 4.6 62.7 33.5
20110830.140000 0.4 4.6 61.1 33.6
20110830.150000 0.4 4.6 60.1 33.9
20110830.160000 0.4 4.6 59.5 34.1
20110830.170000 0.4 3.2 59.1 34.1
20110830.180000 0.4 3.2 58.9 34.1
20110830.190000 0.4 3.2 58.9 34.0
20110830.200000 0.4 3.2 59.2 33.9
20110830.210000 0.4 3.2 60.1 33.7
20110830.220000 0.4 3.2 61.3 33.4
20110830.230000 0.4 3.2 63.1 33.0
20110831.000000 0.4 4.6 65.3 32.5
20110831.010000 0.4 4.6 67.3 32.1
